1	344	1.0
1	327	1.0
1	354	1.0
1	235	1.0
1	249	1.0
1	23	1.0
1	351	1.0
1	265	1.0
1	110	1.0
1	226	1.0
2	69	1.0
2	257	1.0
2	23	1.0
2	226	1.0
3	370	1.0
3	98	1.0
3	322	1.0
3	149	1.0
3	92	1.0
3	225	1.0
4	373	1.0
4	104	1.0
4	343	1.0
4	39	1.0
4	401	1.0
4	325	1.0
4	50	1.0
4	223	1.0
4	49	1.0
4	322	1.0
4	126	1.0
4	301	1.0
4	149	1.0
4	363	1.0
5	85	1.0
5	305	1.0
5	39	1.0
5	279	1.0
5	322	1.0
6	215	1.0
7	339	1.0
7	230	1.0
7	383	1.0
7	122	1.0
8	340	1.0
8	372	1.0
8	213	1.0
8	80	1.0
8	121	1.0
8	270	1.0
9	306	1.0
9	257	1.0
9	372	1.0
9	213	1.0
9	313	1.0
9	80	1.0
9	243	1.0
9	226	1.0
10	275	1.0
10	339	1.0
10	338	1.0
10	80	1.0
10	195	1.0
10	327	1.0
10	395	1.0
10	224	1.0
10	393	1.0
10	266	1.0
10	216	1.0
10	92	1.0
10	329	1.0
10	172	1.0
10	372	1.0
10	382	1.0
10	168	1.0
10	378	1.0
10	225	1.0
10	290	1.0
10	118	1.0
10	186	1.0
10	294	1.0
10	354	1.0
10	184	1.0
10	121	1.0
11	186	1.0
11	96	1.0
12	52	1.0
12	118	1.0
12	185	1.0
12	49	1.0
12	322	1.0
12	26	1.0
12	313	1.0
12	146	1.0
12	401	1.0
12	107	1.0
12	303	1.0
12	225	1.0
13	343	1.0
13	39	1.0
13	98	1.0
13	313	1.0
13	401	1.0
13	402	1.0
13	348	1.0
13	226	1.0
13	325	1.0
13	50	1.0
13	185	1.0
13	117	1.0
13	49	1.0
13	81	1.0
13	355	1.0
13	322	1.0
13	59	1.0
13	334	1.0
13	246	1.0
13	149	1.0
13	152	1.0
14	346	1.0
14	285	1.0
15	50	1.0
15	80	1.0
15	226	1.0
15	122	1.0
16	104	1.0
16	39	1.0
16	80	1.0
16	199	1.0
16	195	1.0
16	49	1.0
16	190	1.0
16	296	1.0
16	213	1.0
16	145	1.0
16	387	1.0
16	246	1.0
16	57	1.0
16	242	1.0
17	185	1.0
18	172	1.0
18	275	1.0
18	372	1.0
18	338	1.0
18	80	1.0
18	226	1.0
18	327	1.0
18	257	1.0
18	118	1.0
18	293	1.0
18	354	1.0
18	264	1.0
18	249	1.0
18	23	1.0
18	213	1.0
18	366	1.0
18	329	1.0
19	237	1.0
19	65	1.0
19	203	1.0
19	78	1.0
19	351	1.0
19	80	1.0
19	357	1.0
19	52	1.0
19	395	1.0
19	400	1.0
19	251	1.0
19	116	1.0
19	354	1.0
19	249	1.0
19	219	1.0
19	397	1.0
19	265	1.0
19	184	1.0
19	121	1.0
19	270	1.0
20	252	1.0
20	80	1.0
21	257	1.0
21	80	1.0
21	226	1.0
22	246	1.0
23	1	1.0
23	2	1.0
23	275	1.0
23	281	1.0
23	285	1.0
23	18	1.0
23	257	1.0
23	156	1.0
23	399	1.0
23	264	1.0
23	262	1.0
23	28	1.0
23	266	1.0
23	270	1.0
23	389	1.0
23	172	1.0
23	176	1.0
23	313	1.0
23	42	1.0
23	297	1.0
23	302	1.0
23	184	1.0
23	69	1.0
23	343	1.0
23	205	1.0
23	208	1.0
23	337	1.0
23	77	1.0
23	78	1.0
23	80	1.0
23	348	1.0
23	347	1.0
23	193	1.0
23	346	1.0
23	195	1.0
23	327	1.0
23	213	1.0
23	333	1.0
23	332	1.0
23	92	1.0
23	240	1.0
23	238	1.0
23	235	1.0
23	372	1.0
23	234	1.0
23	98	1.0
23	384	1.0
23	110	1.0
23	229	1.0
23	357	1.0
23	118	1.0
23	360	1.0
23	251	1.0
23	354	1.0
23	252	1.0
23	128	1.0
23	366	1.0
23	367	1.0
23	124	1.0
23	362	1.0
23	122	1.0
24	249	1.0
25	342	1.0
26	343	1.0
26	338	1.0
26	174	1.0
26	197	1.0
26	401	1.0
26	12	1.0
26	348	1.0
26	226	1.0
26	50	1.0
26	49	1.0
26	354	1.0
26	60	1.0
26	213	1.0
26	145	1.0
26	146	1.0
26	246	1.0
27	85	1.0
27	325	1.0
27	246	1.0
27	149	1.0
28	257	1.0
28	49	1.0
28	393	1.0
28	251	1.0
28	23	1.0
28	262	1.0
28	60	1.0
28	146	1.0
28	110	1.0
28	362	1.0
28	226	1.0
29	306	1.0
29	118	1.0
29	33	1.0
29	234	1.0
29	338	1.0
29	53	1.0
29	44	1.0
29	315	1.0
29	80	1.0
29	108	1.0
29	362	1.0
29	136	1.0
30	118	1.0
30	225	1.0
31	104	1.0
31	236	1.0
31	39	1.0
31	313	1.0
31	401	1.0
31	41	1.0
31	85	1.0
31	325	1.0
31	223	1.0
31	49	1.0
31	322	1.0
31	145	1.0
31	246	1.0
31	149	1.0
32	39	1.0
32	349	1.0
32	244	1.0
33	313	1.0
33	29	1.0
33	303	1.0
34	213	1.0
34	246	1.0
34	348	1.0
35	229	1.0
36	71	1.0
37	297	1.0
38	137	1.0
38	70	1.0
38	307	1.0
38	98	1.0
38	383	1.0
38	199	1.0
38	347	1.0
38	50	1.0
38	49	1.0
38	158	1.0
38	189	1.0
38	355	1.0
38	190	1.0
38	322	1.0
38	145	1.0
38	146	1.0
38	334	1.0
38	123	1.0
39	4	1.0
39	5	1.0
39	144	1.0
39	403	1.0
39	401	1.0
39	13	1.0
39	16	1.0
39	155	1.0
39	157	1.0
39	267	1.0
39	145	1.0
39	271	1.0
39	149	1.0
39	391	1.0
39	150	1.0
39	32	1.0
39	31	1.0
39	152	1.0
39	305	1.0
39	171	1.0
39	170	1.0
39	307	1.0
39	175	1.0
39	173	1.0
39	41	1.0
39	166	1.0
39	290	1.0
39	50	1.0
39	49	1.0
39	55	1.0
39	192	1.0
39	189	1.0
39	190	1.0
39	59	1.0
39	299	1.0
39	301	1.0
39	63	1.0
39	61	1.0
39	206	1.0
39	70	1.0
39	343	1.0
39	342	1.0
39	352	1.0
39	349	1.0
39	218	1.0
39	322	1.0
39	331	1.0
39	212	1.0
39	100	1.0
39	233	1.0
39	111	1.0
39	232	1.0
39	231	1.0
39	105	1.0
39	255	1.0
39	127	1.0
39	248	1.0
39	245	1.0
39	246	1.0
39	242	1.0
40	354	1.0
40	234	1.0
40	80	1.0
40	346	1.0
41	206	1.0
41	104	1.0
41	343	1.0
41	39	1.0
41	98	1.0
41	68	1.0
41	313	1.0
41	401	1.0
41	80	1.0
41	223	1.0
41	50	1.0
41	387	1.0
41	246	1.0
41	149	1.0
41	31	1.0
42	156	1.0
42	264	1.0
42	23	1.0
42	110	1.0
43	343	1.0
43	322	1.0
43	60	1.0
43	213	1.0
44	373	1.0
44	354	1.0
44	384	1.0
44	29	1.0
44	345	1.0
45	325	1.0
45	50	1.0
45	49	1.0
45	198	1.0
45	331	1.0
45	271	1.0
46	344	1.0
46	172	1.0
46	238	1.0
46	235	1.0
46	234	1.0
46	372	1.0
46	384	1.0
46	80	1.0
46	195	1.0
46	357	1.0
46	156	1.0
46	115	1.0
46	262	1.0
46	213	1.0
46	266	1.0
46	216	1.0
46	122	1.0
46	92	1.0
46	121	1.0
46	364	1.0
47	49	1.0
48	213	1.0
48	80	1.0
48	226	1.0
49	137	1.0
49	4	1.0
49	273	1.0
49	279	1.0
49	277	1.0
49	403	1.0
49	401	1.0
49	402	1.0
49	12	1.0
49	13	1.0
49	134	1.0
49	136	1.0
49	16	1.0
49	259	1.0
49	158	1.0
49	145	1.0
49	388	1.0
49	26	1.0
49	146	1.0
49	147	1.0
49	28	1.0
49	149	1.0
49	392	1.0
49	150	1.0
49	391	1.0
49	272	1.0
49	31	1.0
49	306	1.0
49	307	1.0
49	39	1.0
49	38	1.0
49	311	1.0
49	313	1.0
49	47	1.0
49	45	1.0
49	50	1.0
49	56	1.0
49	189	1.0
49	296	1.0
49	190	1.0
49	179	1.0
49	60	1.0
49	301	1.0
49	63	1.0
49	69	1.0
49	343	1.0
49	72	1.0
49	338	1.0
49	352	1.0
49	200	1.0
49	349	1.0
49	199	1.0
49	80	1.0
49	85	1.0
49	223	1.0
49	325	1.0
49	87	1.0
49	81	1.0
49	322	1.0
49	213	1.0
49	336	1.0
49	334	1.0
49	104	1.0
49	99	1.0
49	100	1.0
49	369	1.0
49	372	1.0
49	98	1.0
49	233	1.0
49	384	1.0
49	110	1.0
49	383	1.0
49	226	1.0
49	225	1.0
49	119	1.0
49	114	1.0
49	128	1.0
49	248	1.0
49	127	1.0
49	126	1.0
49	245	1.0
49	246	1.0
49	362	1.0
49	121	1.0
49	242	1.0
50	276	1.0
50	4	1.0
50	404	1.0
50	401	1.0
50	282	1.0
50	402	1.0
50	131	1.0
50	13	1.0
50	15	1.0
50	257	1.0
50	262	1.0
50	26	1.0
50	145	1.0
50	387	1.0
50	146	1.0
50	266	1.0
50	149	1.0
50	306	1.0
50	39	1.0
50	311	1.0
50	38	1.0
50	313	1.0
50	41	1.0
50	316	1.0
50	168	1.0
50	318	1.0
50	45	1.0
50	49	1.0
50	56	1.0
50	192	1.0
50	190	1.0
50	298	1.0
50	59	1.0
50	57	1.0
50	206	1.0
50	69	1.0
50	343	1.0
50	338	1.0
50	78	1.0
50	349	1.0
50	80	1.0
50	194	1.0
50	347	1.0
50	325	1.0
50	322	1.0
50	93	1.0
50	333	1.0
50	332	1.0
50	104	1.0
50	376	1.0
50	238	1.0
50	370	1.0
50	236	1.0
50	372	1.0
50	98	1.0
50	233	1.0
50	109	1.0
50	229	1.0
50	383	1.0
50	105	1.0
50	226	1.0
50	225	1.0
50	254	1.0
50	355	1.0
50	127	1.0
50	248	1.0
50	367	1.0
50	124	1.0
50	123	1.0
50	122	1.0
51	325	1.0
52	140	1.0
52	19	1.0
52	263	1.0
52	12	1.0
52	331	1.0
52	345	1.0
53	279	1.0
53	377	1.0
53	29	1.0
53	389	1.0
53	195	1.0
54	172	1.0
54	255	1.0
54	395	1.0
54	257	1.0
54	338	1.0
54	313	1.0
54	333	1.0
54	199	1.0
54	168	1.0
54	346	1.0
54	152	1.0
54	225	1.0
55	206	1.0
55	39	1.0
55	99	1.0
55	403	1.0
55	145	1.0
55	149	1.0
56	222	1.0
56	50	1.0
56	49	1.0
56	246	1.0
56	149	1.0
56	244	1.0
57	305	1.0
57	50	1.0
57	254	1.0
57	236	1.0
57	279	1.0
57	192	1.0
57	338	1.0
57	93	1.0
57	282	1.0
57	178	1.0
57	149	1.0
57	16	1.0
58	343	1.0
58	70	1.0
58	246	1.0
58	152	1.0
59	50	1.0
59	39	1.0
59	13	1.0
59	331	1.0
60	275	1.0
60	339	1.0
60	338	1.0
60	129	1.0
60	78	1.0
60	80	1.0
60	199	1.0
60	345	1.0
60	154	1.0
60	223	1.0
60	81	1.0
60	262	1.0
60	213	1.0
60	26	1.0
60	215	1.0
60	28	1.0
60	385	1.0
60	149	1.0
60	92	1.0
60	172	1.0
60	99	1.0
60	370	1.0
60	43	1.0
60	313	1.0
60	383	1.0
60	226	1.0
60	379	1.0
60	225	1.0
60	290	1.0
60	118	1.0
60	49	1.0
60	113	1.0
60	128	1.0
60	248	1.0
60	362	1.0
60	121	1.0
61	39	1.0
62	290	1.0
62	257	1.0
62	156	1.0
62	264	1.0
62	338	1.0
62	234	1.0
62	213	1.0
62	80	1.0
62	226	1.0
63	85	1.0
63	49	1.0
63	39	1.0
63	246	1.0
64	267	1.0
65	237	1.0
65	19	1.0
65	280	1.0
65	400	1.0
65	251	1.0
65	354	1.0
65	219	1.0
65	112	1.0
65	183	1.0
65	270	1.0
66	338	1.0
66	346	1.0
67	195	1.0
68	343	1.0
68	41	1.0
69	240	1.0
69	343	1.0
69	2	1.0
69	234	1.0
69	338	1.0
69	313	1.0
69	78	1.0
69	281	1.0
69	315	1.0
69	226	1.0
69	285	1.0
69	257	1.0
69	50	1.0
69	49	1.0
69	116	1.0
69	23	1.0
69	247	1.0
69	128	1.0
69	126	1.0
69	183	1.0
69	184	1.0
69	362	1.0
69	329	1.0
70	104	1.0
70	305	1.0
70	39	1.0
70	370	1.0
70	38	1.0
70	180	1.0
70	282	1.0
70	58	1.0
70	149	1.0
71	36	1.0
71	376	1.0
71	139	1.0
71	307	1.0
71	234	1.0
71	401	1.0
71	136	1.0
71	196	1.0
71	85	1.0
71	394	1.0
71	223	1.0
71	388	1.0
71	333	1.0
71	368	1.0
71	182	1.0
72	49	1.0
72	246	1.0
73	175	1.0
73	279	1.0
73	145	1.0
73	367	1.0
74	293	1.0
74	354	1.0
74	338	1.0
74	278	1.0
74	351	1.0
74	184	1.0
75	80	1.0
76	229	1.0
77	172	1.0
77	275	1.0
77	257	1.0
77	251	1.0
77	23	1.0
77	80	1.0
78	69	1.0
78	344	1.0
78	343	1.0
78	205	1.0
78	278	1.0
78	338	1.0
78	281	1.0
78	80	1.0
78	349	1.0
78	346	1.0
78	195	1.0
78	19	1.0
78	23	1.0
78	213	1.0
78	333	1.0
78	266	1.0
78	149	1.0
78	329	1.0
78	152	1.0
78	240	1.0
78	306	1.0
78	172	1.0
78	373	1.0
78	238	1.0
78	234	1.0
78	313	1.0
78	380	1.0
78	226	1.0
78	50	1.0
78	186	1.0
78	293	1.0
78	354	1.0
78	115	1.0
78	60	1.0
78	368	1.0
78	184	1.0
78	362	1.0
78	122	1.0
79	213	1.0
80	275	1.0
80	278	1.0
80	8	1.0
80	9	1.0
80	10	1.0
80	287	1.0
80	15	1.0
80	16	1.0
80	18	1.0
80	257	1.0
80	20	1.0
80	19	1.0
80	21	1.0
80	264	1.0
80	23	1.0
80	262	1.0
80	266	1.0
80	29	1.0
80	306	1.0
80	40	1.0
80	312	1.0
80	41	1.0
80	48	1.0
80	46	1.0
80	50	1.0
80	49	1.0
80	293	1.0
80	294	1.0
80	296	1.0
80	60	1.0
80	297	1.0
80	300	1.0
80	302	1.0
80	62	1.0
80	344	1.0
80	342	1.0
80	339	1.0
80	338	1.0
80	77	1.0
80	78	1.0
80	346	1.0
80	75	1.0
80	327	1.0
80	82	1.0
80	335	1.0
80	91	1.0
80	373	1.0
80	104	1.0
80	372	1.0
80	371	1.0
80	98	1.0
80	384	1.0
80	110	1.0
80	378	1.0
80	106	1.0
80	357	1.0
80	118	1.0
80	360	1.0
80	115	1.0
80	354	1.0
80	113	1.0
80	366	1.0
80	367	1.0
80	362	1.0
80	122	1.0
80	121	1.0
80	364	1.0
80	130	1.0
80	404	1.0
80	132	1.0
80	402	1.0
80	133	1.0
80	136	1.0
80	395	1.0
80	156	1.0
80	400	1.0
80	399	1.0
80	146	1.0
80	149	1.0
80	151	1.0
80	172	1.0
80	161	1.0
80	186	1.0
80	179	1.0
80	183	1.0
80	184	1.0
80	202	1.0
80	199	1.0
80	193	1.0
80	195	1.0
80	224	1.0
80	213	1.0
80	215	1.0
80	216	1.0
80	210	1.0
80	239	1.0
80	238	1.0
80	234	1.0
80	226	1.0
80	255	1.0
80	251	1.0
80	252	1.0
80	249	1.0
80	243	1.0
81	305	1.0
81	343	1.0
81	279	1.0
81	401	1.0
81	13	1.0
81	188	1.0
81	325	1.0
81	49	1.0
81	189	1.0
81	322	1.0
81	60	1.0
81	246	1.0
81	331	1.0
81	149	1.0
81	123	1.0
81	152	1.0
82	264	1.0
82	252	1.0
82	80	1.0
82	110	1.0
83	327	1.0
83	264	1.0
83	404	1.0
83	362	1.0
84	236	1.0
84	403	1.0
85	71	1.0
85	5	1.0
85	279	1.0
85	136	1.0
85	223	1.0
85	324	1.0
85	322	1.0
85	145	1.0
85	387	1.0
85	336	1.0
85	27	1.0
85	266	1.0
85	149	1.0
85	271	1.0
85	31	1.0
85	104	1.0
85	170	1.0
85	307	1.0
85	236	1.0
85	311	1.0
85	107	1.0
85	225	1.0
85	119	1.0
85	49	1.0
85	295	1.0
85	246	1.0
85	301	1.0
85	63	1.0
86	263	1.0
86	372	1.0
86	338	1.0
86	183	1.0
87	49	1.0
88	343	1.0
88	325	1.0
88	223	1.0
88	355	1.0
88	246	1.0
88	149	1.0
88	105	1.0
89	98	1.0
89	351	1.0
90	145	1.0
91	80	1.0
91	92	1.0
92	276	1.0
92	275	1.0
92	343	1.0
92	3	1.0
92	140	1.0
92	339	1.0
92	338	1.0
92	10	1.0
92	283	1.0
92	281	1.0
92	345	1.0
92	223	1.0
92	257	1.0
92	23	1.0
92	322	1.0
92	265	1.0
92	149	1.0
92	211	1.0
92	329	1.0
92	91	1.0
92	152	1.0
92	172	1.0
92	238	1.0
92	313	1.0
92	106	1.0
92	46	1.0
92	116	1.0
92	60	1.0
92	178	1.0
92	125	1.0
92	243	1.0
92	121	1.0
93	50	1.0
93	248	1.0
93	282	1.0
93	57	1.0
93	178	1.0
93	194	1.0
93	149	1.0
94	328	1.0
94	346	1.0
94	195	1.0
95	195	1.0
96	306	1.0
96	205	1.0
96	293	1.0
96	338	1.0
96	11	1.0
96	136	1.0
97	324	1.0
97	158	1.0
97	331	1.0
98	3	1.0
98	279	1.0
98	403	1.0
98	401	1.0
98	402	1.0
98	281	1.0
98	13	1.0
98	135	1.0
98	23	1.0
98	387	1.0
98	146	1.0
98	266	1.0
98	149	1.0
98	389	1.0
98	152	1.0
98	172	1.0
98	307	1.0
98	38	1.0
98	313	1.0
98	41	1.0
98	50	1.0
98	49	1.0
98	192	1.0
98	189	1.0
98	295	1.0
98	296	1.0
98	299	1.0
98	178	1.0
98	206	1.0
98	343	1.0
98	205	1.0
98	342	1.0
98	341	1.0
98	338	1.0
98	80	1.0
98	199	1.0
98	349	1.0
98	347	1.0
98	195	1.0
98	325	1.0
98	322	1.0
98	213	1.0
98	89	1.0
98	104	1.0
98	236	1.0
98	100	1.0
98	381	1.0
98	231	1.0
98	383	1.0
98	226	1.0
98	355	1.0
98	247	1.0
98	127	1.0
98	246	1.0
98	124	1.0
98	121	1.0
99	172	1.0
99	104	1.0
99	343	1.0
99	100	1.0
99	401	1.0
99	199	1.0
99	325	1.0
99	49	1.0
99	55	1.0
99	296	1.0
99	60	1.0
99	146	1.0
99	392	1.0
99	242	1.0
100	325	1.0
100	223	1.0
100	49	1.0
100	39	1.0
100	99	1.0
100	355	1.0
100	98	1.0
100	322	1.0
100	145	1.0
100	199	1.0
100	383	1.0
100	149	1.0
101	213	1.0
101	281	1.0
101	243	1.0
102	350	1.0
102	401	1.0
103	305	1.0
103	321	1.0
103	322	1.0
103	145	1.0
104	4	1.0
104	279	1.0
104	403	1.0
104	284	1.0
104	401	1.0
104	402	1.0
104	16	1.0
104	154	1.0
104	158	1.0
104	145	1.0
104	387	1.0
104	146	1.0
104	392	1.0
104	149	1.0
104	31	1.0
104	152	1.0
104	172	1.0
104	305	1.0
104	41	1.0
104	50	1.0
104	49	1.0
104	294	1.0
104	189	1.0
104	190	1.0
104	296	1.0
104	299	1.0
104	178	1.0
104	70	1.0
104	342	1.0
104	341	1.0
104	200	1.0
104	80	1.0
104	199	1.0
104	347	1.0
104	195	1.0
104	222	1.0
104	85	1.0
104	324	1.0
104	322	1.0
104	213	1.0
104	238	1.0
104	376	1.0
104	236	1.0
104	99	1.0
104	235	1.0
104	233	1.0
104	98	1.0
104	383	1.0
104	229	1.0
104	358	1.0
104	128	1.0
104	248	1.0
104	246	1.0
105	88	1.0
105	50	1.0
105	39	1.0
105	145	1.0
105	401	1.0
106	292	1.0
106	126	1.0
106	80	1.0
106	272	1.0
106	92	1.0
107	85	1.0
107	341	1.0
107	322	1.0
107	313	1.0
107	246	1.0
107	12	1.0
107	194	1.0
107	152	1.0
108	29	1.0
109	50	1.0
109	264	1.0
110	1	1.0
110	172	1.0
110	275	1.0
110	338	1.0
110	313	1.0
110	42	1.0
110	80	1.0
110	226	1.0
110	225	1.0
110	327	1.0
110	257	1.0
110	49	1.0
110	82	1.0
110	354	1.0
110	249	1.0
110	23	1.0
110	213	1.0
110	128	1.0
110	28	1.0
110	215	1.0
110	362	1.0
111	343	1.0
111	223	1.0
111	307	1.0
111	39	1.0
111	233	1.0
111	403	1.0
111	149	1.0
112	237	1.0
112	65	1.0
112	280	1.0
112	339	1.0
112	175	1.0
112	338	1.0
112	153	1.0
112	328	1.0
112	249	1.0
112	220	1.0
112	265	1.0
112	329	1.0
112	270	1.0
113	338	1.0
113	372	1.0
113	213	1.0
113	60	1.0
113	80	1.0
113	243	1.0
113	122	1.0
114	49	1.0
114	293	1.0
114	213	1.0
114	246	1.0
114	271	1.0
114	149	1.0
114	242	1.0
115	257	1.0
115	249	1.0
115	338	1.0
115	213	1.0
115	78	1.0
115	333	1.0
115	80	1.0
115	226	1.0
115	46	1.0
116	327	1.0
116	69	1.0
116	273	1.0
116	19	1.0
116	293	1.0
116	400	1.0
116	210	1.0
116	329	1.0
116	92	1.0
116	285	1.0
117	13	1.0
117	152	1.0
118	275	1.0
118	10	1.0
118	12	1.0
118	80	1.0
118	346	1.0
118	195	1.0
118	18	1.0
118	257	1.0
118	156	1.0
118	23	1.0
118	30	1.0
118	29	1.0
118	270	1.0
118	172	1.0
118	306	1.0
118	312	1.0
118	226	1.0
118	186	1.0
118	294	1.0
118	252	1.0
118	249	1.0
118	60	1.0
118	366	1.0
118	362	1.0
118	302	1.0
118	184	1.0
119	85	1.0
119	325	1.0
119	49	1.0
119	283	1.0
119	246	1.0
119	152	1.0
120	273	1.0
120	354	1.0
121	344	1.0
121	275	1.0
121	205	1.0
121	140	1.0
121	338	1.0
121	8	1.0
121	10	1.0
121	80	1.0
121	136	1.0
121	346	1.0
121	285	1.0
121	257	1.0
121	19	1.0
121	399	1.0
121	262	1.0
121	266	1.0
121	210	1.0
121	329	1.0
121	92	1.0
121	151	1.0
121	270	1.0
121	172	1.0
121	237	1.0
121	312	1.0
121	372	1.0
121	98	1.0
121	313	1.0
121	226	1.0
121	46	1.0
121	319	1.0
121	186	1.0
121	49	1.0
121	294	1.0
121	250	1.0
121	60	1.0
121	179	1.0
121	243	1.0
121	302	1.0
121	362	1.0
122	238	1.0
122	7	1.0
122	372	1.0
122	78	1.0
122	384	1.0
122	80	1.0
122	168	1.0
122	380	1.0
122	15	1.0
122	226	1.0
122	195	1.0
122	46	1.0
122	257	1.0
122	50	1.0
122	293	1.0
122	264	1.0
122	23	1.0
122	322	1.0
122	113	1.0
122	262	1.0
122	213	1.0
122	266	1.0
122	302	1.0
122	151	1.0
123	188	1.0
123	50	1.0
123	81	1.0
123	192	1.0
123	38	1.0
123	178	1.0
123	152	1.0
123	165	1.0
124	205	1.0
124	338	1.0
124	98	1.0
124	164	1.0
124	199	1.0
124	136	1.0
124	320	1.0
124	380	1.0
124	50	1.0
124	394	1.0
124	257	1.0
124	293	1.0
124	354	1.0
124	23	1.0
124	266	1.0
125	308	1.0
125	257	1.0
125	92	1.0
125	195	1.0
126	172	1.0
126	69	1.0
126	4	1.0
126	273	1.0
126	338	1.0
126	317	1.0
126	225	1.0
126	106	1.0
126	379	1.0
126	49	1.0
126	354	1.0
126	362	1.0
126	329	1.0
127	238	1.0
127	39	1.0
127	370	1.0
127	236	1.0
127	279	1.0
127	338	1.0
127	98	1.0
127	233	1.0
127	313	1.0
127	282	1.0
127	349	1.0
127	226	1.0
127	225	1.0
127	325	1.0
127	50	1.0
127	49	1.0
127	293	1.0
127	157	1.0
127	353	1.0
127	146	1.0
127	178	1.0
127	149	1.0
127	242	1.0
128	172	1.0
128	69	1.0
128	104	1.0
128	230	1.0
128	229	1.0
128	110	1.0
128	223	1.0
128	49	1.0
128	186	1.0
128	264	1.0
128	23	1.0
128	60	1.0
128	329	1.0
129	238	1.0
129	201	1.0
129	338	1.0
129	312	1.0
129	372	1.0
129	213	1.0
129	60	1.0
130	80	1.0
131	325	1.0
131	50	1.0
131	338	1.0
131	247	1.0
131	246	1.0
131	149	1.0
131	152	1.0
132	338	1.0
132	80	1.0
132	226	1.0
133	213	1.0
133	80	1.0
133	346	1.0
134	49	1.0
134	295	1.0
135	325	1.0
135	254	1.0
135	98	1.0
135	301	1.0
136	205	1.0
136	71	1.0
136	338	1.0
136	282	1.0
136	349	1.0
136	80	1.0
136	85	1.0
136	223	1.0
136	263	1.0
136	264	1.0
136	214	1.0
136	147	1.0
136	96	1.0
136	266	1.0
136	392	1.0
136	332	1.0
136	150	1.0
136	29	1.0
136	233	1.0
136	313	1.0
136	383	1.0
136	225	1.0
136	49	1.0
136	294	1.0
136	179	1.0
136	248	1.0
136	300	1.0
136	124	1.0
136	121	1.0
137	343	1.0
137	49	1.0
137	38	1.0
137	246	1.0
137	301	1.0
138	372	1.0
138	213	1.0
139	223	1.0
139	71	1.0
139	271	1.0
139	303	1.0
140	327	1.0
140	52	1.0
140	395	1.0
140	207	1.0
140	399	1.0
140	243	1.0
140	329	1.0
140	346	1.0
140	92	1.0
140	121	1.0
140	195	1.0
141	354	1.0
141	226	1.0
141	270	1.0
141	345	1.0
141	195	1.0
142	306	1.0
142	373	1.0
142	338	1.0
143	235	1.0
144	39	1.0
145	343	1.0
145	279	1.0
145	338	1.0
145	403	1.0
145	401	1.0
145	402	1.0
145	199	1.0
145	194	1.0
145	73	1.0
145	16	1.0
145	85	1.0
145	223	1.0
145	325	1.0
145	158	1.0
145	321	1.0
145	322	1.0
145	26	1.0
145	146	1.0
145	392	1.0
145	90	1.0
145	149	1.0
145	31	1.0
145	152	1.0
145	103	1.0
145	305	1.0
145	104	1.0
145	307	1.0
145	39	1.0
145	236	1.0
145	100	1.0
145	175	1.0
145	38	1.0
145	229	1.0
145	318	1.0
145	105	1.0
145	256	1.0
145	253	1.0
145	50	1.0
145	49	1.0
145	55	1.0
145	189	1.0
145	190	1.0
145	248	1.0
145	299	1.0
145	246	1.0
145	301	1.0
145	182	1.0
146	344	1.0
146	343	1.0
146	278	1.0
146	404	1.0
146	283	1.0
146	401	1.0
146	80	1.0
146	12	1.0
146	347	1.0
146	195	1.0
146	325	1.0
146	155	1.0
146	324	1.0
146	322	1.0
146	145	1.0
146	388	1.0
146	26	1.0
146	28	1.0
146	331	1.0
146	149	1.0
146	152	1.0
146	104	1.0
146	99	1.0
146	38	1.0
146	98	1.0
146	231	1.0
146	226	1.0
146	187	1.0
146	50	1.0
146	49	1.0
146	127	1.0
146	246	1.0
147	223	1.0
147	49	1.0
147	307	1.0
147	189	1.0
147	136	1.0
148	215	1.0
149	3	1.0
149	4	1.0
149	279	1.0
149	401	1.0
149	282	1.0
149	402	1.0
149	131	1.0
149	13	1.0
149	259	1.0
149	257	1.0
149	157	1.0
149	158	1.0
149	145	1.0
149	387	1.0
149	146	1.0
149	27	1.0
149	271	1.0
149	391	1.0
149	152	1.0
149	31	1.0
149	172	1.0
149	305	1.0
149	307	1.0
149	39	1.0
149	313	1.0
149	41	1.0
149	50	1.0
149	49	1.0
149	56	1.0
149	55	1.0
149	294	1.0
149	189	1.0
149	296	1.0
149	190	1.0
149	60	1.0
149	57	1.0
149	178	1.0
149	301	1.0
149	206	1.0
149	343	1.0
149	70	1.0
149	342	1.0
149	341	1.0
149	339	1.0
149	198	1.0
149	78	1.0
149	349	1.0
149	80	1.0
149	348	1.0
149	347	1.0
149	85	1.0
149	325	1.0
149	88	1.0
149	324	1.0
149	81	1.0
149	321	1.0
149	322	1.0
149	93	1.0
149	334	1.0
149	332	1.0
149	92	1.0
149	104	1.0
149	373	1.0
149	238	1.0
149	236	1.0
149	100	1.0
149	372	1.0
149	98	1.0
149	233	1.0
149	111	1.0
149	384	1.0
149	229	1.0
149	383	1.0
149	225	1.0
149	256	1.0
149	355	1.0
149	114	1.0
149	248	1.0
149	127	1.0
149	246	1.0
149	363	1.0
149	242	1.0
150	49	1.0
150	39	1.0
150	136	1.0
151	172	1.0
151	238	1.0
151	312	1.0
151	338	1.0
151	382	1.0
151	161	1.0
151	80	1.0
151	228	1.0
151	226	1.0
151	225	1.0
151	186	1.0
151	293	1.0
151	264	1.0
151	213	1.0
151	333	1.0
151	122	1.0
151	329	1.0
151	121	1.0
152	274	1.0
152	279	1.0
152	78	1.0
152	283	1.0
152	402	1.0
152	131	1.0
152	13	1.0
152	347	1.0
152	195	1.0
152	257	1.0
152	325	1.0
152	224	1.0
152	81	1.0
152	264	1.0
152	158	1.0
152	145	1.0
152	387	1.0
152	336	1.0
152	146	1.0
152	149	1.0
152	92	1.0
152	104	1.0
152	169	1.0
152	39	1.0
152	236	1.0
152	98	1.0
152	313	1.0
152	107	1.0
152	225	1.0
152	119	1.0
152	359	1.0
152	117	1.0
152	54	1.0
152	355	1.0
152	58	1.0
152	246	1.0
152	123	1.0
153	112	1.0
154	104	1.0
154	60	1.0
154	246	1.0
154	392	1.0
155	39	1.0
155	372	1.0
155	146	1.0
155	225	1.0
156	306	1.0
156	343	1.0
156	42	1.0
156	80	1.0
156	168	1.0
156	226	1.0
156	46	1.0
156	327	1.0
156	118	1.0
156	257	1.0
156	264	1.0
156	23	1.0
156	213	1.0
156	62	1.0
157	343	1.0
157	325	1.0
157	39	1.0
157	127	1.0
157	246	1.0
157	149	1.0
157	225	1.0
158	104	1.0
158	236	1.0
158	97	1.0
158	38	1.0
158	283	1.0
158	290	1.0
158	325	1.0
158	49	1.0
158	322	1.0
158	145	1.0
158	245	1.0
158	386	1.0
158	149	1.0
158	152	1.0
159	209	1.0
160	387	1.0
161	306	1.0
161	339	1.0
161	372	1.0
161	404	1.0
161	80	1.0
161	380	1.0
161	195	1.0
161	293	1.0
161	264	1.0
161	354	1.0
161	213	1.0
161	215	1.0
161	333	1.0
161	151	1.0
162	294	1.0
163	270	1.0
164	124	1.0
165	341	1.0
165	123	1.0
166	39	1.0
167	257	1.0
167	215	1.0
167	226	1.0
168	238	1.0
168	312	1.0
168	338	1.0
168	382	1.0
168	10	1.0
168	281	1.0
168	349	1.0
168	346	1.0
168	226	1.0
168	225	1.0
168	195	1.0
168	257	1.0
168	50	1.0
168	156	1.0
168	293	1.0
168	354	1.0
168	54	1.0
168	209	1.0
168	122	1.0
169	331	1.0
169	152	1.0
170	85	1.0
170	343	1.0
170	307	1.0
170	39	1.0
170	334	1.0
170	246	1.0
171	39	1.0
172	276	1.0
172	275	1.0
172	205	1.0
172	273	1.0
172	339	1.0
172	338	1.0
172	77	1.0
172	78	1.0
172	10	1.0
172	80	1.0
172	346	1.0
172	195	1.0
172	18	1.0
172	257	1.0
172	23	1.0
172	213	1.0
172	266	1.0
172	149	1.0
172	329	1.0
172	92	1.0
172	151	1.0
172	270	1.0
172	306	1.0
172	240	1.0
172	104	1.0
172	176	1.0
172	99	1.0
172	372	1.0
172	98	1.0
172	313	1.0
172	110	1.0
172	226	1.0
172	46	1.0
172	118	1.0
172	354	1.0
172	54	1.0
172	128	1.0
172	60	1.0
172	126	1.0
172	121	1.0
173	343	1.0
173	290	1.0
173	39	1.0
173	372	1.0
173	355	1.0
174	26	1.0
175	343	1.0
175	325	1.0
175	39	1.0
175	189	1.0
175	145	1.0
175	112	1.0
175	229	1.0
175	246	1.0
175	73	1.0
175	301	1.0
176	172	1.0
176	23	1.0
176	281	1.0
176	226	1.0
176	211	1.0
177	224	1.0
177	354	1.0
178	104	1.0
178	98	1.0
178	127	1.0
178	93	1.0
178	229	1.0
178	57	1.0
178	301	1.0
178	149	1.0
178	123	1.0
178	92	1.0
178	242	1.0
179	306	1.0
179	49	1.0
179	338	1.0
179	313	1.0
179	80	1.0
179	136	1.0
179	121	1.0
179	225	1.0
180	70	1.0
181	343	1.0
182	223	1.0
182	71	1.0
182	307	1.0
182	189	1.0
182	322	1.0
182	145	1.0
182	199	1.0
182	349	1.0
182	244	1.0
182	362	1.0
183	69	1.0
183	86	1.0
183	65	1.0
183	354	1.0
183	219	1.0
183	80	1.0
184	306	1.0
184	69	1.0
184	275	1.0
184	78	1.0
184	10	1.0
184	80	1.0
184	74	1.0
184	317	1.0
184	226	1.0
184	346	1.0
184	345	1.0
184	118	1.0
184	19	1.0
184	400	1.0
184	354	1.0
184	252	1.0
184	23	1.0
184	213	1.0
184	366	1.0
184	362	1.0
185	17	1.0
185	12	1.0
185	13	1.0
186	275	1.0
186	338	1.0
186	78	1.0
186	10	1.0
186	11	1.0
186	80	1.0
186	226	1.0
186	195	1.0
186	257	1.0
186	118	1.0
186	264	1.0
186	213	1.0
186	128	1.0
186	246	1.0
186	151	1.0
186	121	1.0
187	146	1.0
188	325	1.0
188	258	1.0
188	81	1.0
188	283	1.0
188	123	1.0
189	104	1.0
189	39	1.0
189	279	1.0
189	175	1.0
189	98	1.0
189	38	1.0
189	277	1.0
189	226	1.0
189	259	1.0
189	325	1.0
189	258	1.0
189	49	1.0
189	81	1.0
189	295	1.0
189	398	1.0
189	322	1.0
189	296	1.0
189	145	1.0
189	248	1.0
189	147	1.0
189	149	1.0
189	182	1.0
190	104	1.0
190	50	1.0
190	49	1.0
190	39	1.0
190	38	1.0
190	145	1.0
190	149	1.0
190	242	1.0
190	16	1.0
191	246	1.0
192	343	1.0
192	307	1.0
192	236	1.0
192	39	1.0
192	339	1.0
192	98	1.0
192	233	1.0
192	403	1.0
192	383	1.0
192	318	1.0
192	325	1.0
192	50	1.0
192	367	1.0
192	57	1.0
192	391	1.0
192	123	1.0
193	328	1.0
193	293	1.0
193	23	1.0
193	213	1.0
193	80	1.0
194	307	1.0
194	349	1.0
194	107	1.0
194	196	1.0
194	225	1.0
194	195	1.0
194	50	1.0
194	325	1.0
194	294	1.0
194	145	1.0
194	298	1.0
194	93	1.0
194	244	1.0
195	276	1.0
195	140	1.0
195	273	1.0
195	141	1.0
195	403	1.0
195	404	1.0
195	10	1.0
195	281	1.0
195	16	1.0
195	257	1.0
195	264	1.0
195	23	1.0
195	146	1.0
195	266	1.0
195	152	1.0
195	306	1.0
195	172	1.0
195	308	1.0
195	313	1.0
195	161	1.0
195	168	1.0
195	46	1.0
195	289	1.0
195	291	1.0
195	186	1.0
195	293	1.0
195	53	1.0
195	302	1.0
195	344	1.0
195	205	1.0
195	339	1.0
195	204	1.0
195	67	1.0
195	338	1.0
195	78	1.0
195	80	1.0
195	194	1.0
195	346	1.0
195	345	1.0
195	325	1.0
195	322	1.0
195	213	1.0
195	94	1.0
195	333	1.0
195	95	1.0
195	210	1.0
195	329	1.0
195	104	1.0
195	238	1.0
195	376	1.0
195	372	1.0
195	234	1.0
195	98	1.0
195	226	1.0
195	380	1.0
195	379	1.0
195	357	1.0
195	118	1.0
195	360	1.0
195	354	1.0
195	252	1.0
195	249	1.0
195	125	1.0
195	246	1.0
195	243	1.0
195	362	1.0
195	122	1.0
196	71	1.0
196	194	1.0
197	343	1.0
197	26	1.0
197	213	1.0
197	318	1.0
198	343	1.0
198	307	1.0
198	149	1.0
198	45	1.0
199	343	1.0
199	401	1.0
199	80	1.0
199	16	1.0
199	145	1.0
199	213	1.0
199	387	1.0
199	332	1.0
199	104	1.0
199	238	1.0
199	99	1.0
199	236	1.0
199	100	1.0
199	98	1.0
199	38	1.0
199	383	1.0
199	226	1.0
199	255	1.0
199	49	1.0
199	54	1.0
199	296	1.0
199	60	1.0
199	248	1.0
199	124	1.0
199	243	1.0
199	301	1.0
199	182	1.0
200	104	1.0
200	49	1.0
200	254	1.0
200	322	1.0
200	213	1.0
200	246	1.0
201	129	1.0
201	281	1.0
201	225	1.0
202	306	1.0
202	80	1.0
203	19	1.0
203	204	1.0
204	203	1.0
204	195	1.0
204	225	1.0
205	338	1.0
205	78	1.0
205	281	1.0
205	136	1.0
205	195	1.0
205	260	1.0
205	23	1.0
205	213	1.0
205	96	1.0
205	333	1.0
205	266	1.0
205	392	1.0
205	210	1.0
205	172	1.0
205	306	1.0
205	373	1.0
205	307	1.0
205	98	1.0
205	382	1.0
205	384	1.0
205	380	1.0
205	225	1.0
205	293	1.0
205	124	1.0
205	243	1.0
205	121	1.0
206	343	1.0
206	50	1.0
206	39	1.0
206	55	1.0
206	355	1.0
206	98	1.0
206	283	1.0
206	41	1.0
206	401	1.0
206	349	1.0
206	149	1.0
207	140	1.0
207	249	1.0
208	23	1.0
209	293	1.0
209	159	1.0
209	338	1.0
209	333	1.0
209	384	1.0
209	168	1.0
209	225	1.0
210	205	1.0
210	235	1.0
210	338	1.0
210	383	1.0
210	80	1.0
210	226	1.0
210	380	1.0
210	195	1.0
210	327	1.0
210	257	1.0
210	116	1.0
210	213	1.0
210	333	1.0
210	266	1.0
210	329	1.0
210	121	1.0
211	273	1.0
211	176	1.0
211	252	1.0
211	338	1.0
211	243	1.0
211	378	1.0
211	329	1.0
211	92	1.0
212	39	1.0
213	138	1.0
213	278	1.0
213	8	1.0
213	9	1.0
213	404	1.0
213	129	1.0
213	281	1.0
213	133	1.0
213	286	1.0
213	16	1.0
213	18	1.0
213	257	1.0
213	156	1.0
213	393	1.0
213	264	1.0
213	398	1.0
213	262	1.0
213	23	1.0
213	26	1.0
213	266	1.0
213	392	1.0
213	272	1.0
213	151	1.0
213	172	1.0
213	34	1.0
213	312	1.0
213	43	1.0
213	314	1.0
213	161	1.0
213	48	1.0
213	317	1.0
213	46	1.0
213	49	1.0
213	186	1.0
213	293	1.0
213	294	1.0
213	296	1.0
213	60	1.0
213	300	1.0
213	302	1.0
213	184	1.0
213	62	1.0
213	205	1.0
213	342	1.0
213	338	1.0
213	197	1.0
213	78	1.0
213	200	1.0
213	79	1.0
213	199	1.0
213	80	1.0
213	348	1.0
213	193	1.0
213	346	1.0
213	195	1.0
213	327	1.0
213	224	1.0
213	215	1.0
213	216	1.0
213	210	1.0
213	374	1.0
213	240	1.0
213	104	1.0
213	101	1.0
213	376	1.0
213	372	1.0
213	234	1.0
213	98	1.0
213	233	1.0
213	382	1.0
213	384	1.0
213	110	1.0
213	226	1.0
213	115	1.0
213	114	1.0
213	113	1.0
213	366	1.0
213	367	1.0
213	361	1.0
213	243	1.0
213	122	1.0
213	242	1.0
214	136	1.0
215	273	1.0
215	6	1.0
215	235	1.0
215	338	1.0
215	314	1.0
215	110	1.0
215	161	1.0
215	80	1.0
215	167	1.0
215	357	1.0
215	294	1.0
215	60	1.0
215	213	1.0
215	265	1.0
215	148	1.0
216	306	1.0
216	372	1.0
216	213	1.0
216	10	1.0
216	80	1.0
216	362	1.0
216	226	1.0
216	46	1.0
217	250	1.0
218	39	1.0
218	296	1.0
218	383	1.0
219	19	1.0
219	65	1.0
219	251	1.0
219	354	1.0
219	183	1.0
220	112	1.0
220	229	1.0
221	222	1.0
221	325	1.0
222	221	1.0
222	104	1.0
222	56	1.0
222	401	1.0
223	71	1.0
223	4	1.0
223	139	1.0
223	273	1.0
223	338	1.0
223	284	1.0
223	401	1.0
223	402	1.0
223	136	1.0
223	85	1.0
223	88	1.0
223	145	1.0
223	388	1.0
223	147	1.0
223	92	1.0
223	31	1.0
223	100	1.0
223	111	1.0
223	313	1.0
223	41	1.0
223	226	1.0
223	49	1.0
223	60	1.0
223	128	1.0
223	300	1.0
223	182	1.0
223	242	1.0
224	306	1.0
224	264	1.0
224	338	1.0
224	372	1.0
224	213	1.0
224	10	1.0
224	177	1.0
224	266	1.0
224	80	1.0
224	226	1.0
224	152	1.0
225	344	1.0
225	343	1.0
225	205	1.0
225	3	1.0
225	201	1.0
225	338	1.0
225	204	1.0
225	404	1.0
225	10	1.0
225	401	1.0
225	281	1.0
225	12	1.0
225	194	1.0
225	136	1.0
225	345	1.0
225	85	1.0
225	395	1.0
225	155	1.0
225	325	1.0
225	157	1.0
225	322	1.0
225	333	1.0
225	209	1.0
225	149	1.0
225	30	1.0
225	151	1.0
225	152	1.0
225	306	1.0
225	372	1.0
225	371	1.0
225	313	1.0
225	316	1.0
225	384	1.0
225	110	1.0
225	168	1.0
225	226	1.0
225	50	1.0
225	49	1.0
225	293	1.0
225	54	1.0
225	60	1.0
225	179	1.0
225	127	1.0
225	126	1.0
225	242	1.0
226	1	1.0
226	2	1.0
226	141	1.0
226	278	1.0
226	9	1.0
226	132	1.0
226	13	1.0
226	15	1.0
226	286	1.0
226	18	1.0
226	257	1.0
226	156	1.0
226	393	1.0
226	400	1.0
226	264	1.0
226	21	1.0
226	398	1.0
226	262	1.0
226	26	1.0
226	146	1.0
226	268	1.0
226	28	1.0
226	266	1.0
226	151	1.0
226	306	1.0
226	172	1.0
226	176	1.0
226	312	1.0
226	313	1.0
226	168	1.0
226	48	1.0
226	167	1.0
226	50	1.0
226	49	1.0
226	186	1.0
226	293	1.0
226	189	1.0
226	297	1.0
226	60	1.0
226	302	1.0
226	184	1.0
226	62	1.0
226	69	1.0
226	338	1.0
226	78	1.0
226	199	1.0
226	80	1.0
226	346	1.0
226	195	1.0
226	327	1.0
226	223	1.0
226	224	1.0
226	213	1.0
226	216	1.0
226	210	1.0
226	329	1.0
226	240	1.0
226	239	1.0
226	238	1.0
226	234	1.0
226	372	1.0
226	98	1.0
226	110	1.0
226	383	1.0
226	225	1.0
226	255	1.0
226	118	1.0
226	360	1.0
226	354	1.0
226	115	1.0
226	249	1.0
226	250	1.0
226	365	1.0
226	248	1.0
226	366	1.0
226	127	1.0
226	362	1.0
226	122	1.0
226	121	1.0
226	242	1.0
227	257	1.0
227	338	1.0
228	151	1.0
229	344	1.0
229	35	1.0
229	104	1.0
229	235	1.0
229	175	1.0
229	401	1.0
229	402	1.0
229	76	1.0
229	357	1.0
229	328	1.0
229	50	1.0
229	293	1.0
229	264	1.0
229	23	1.0
229	220	1.0
229	128	1.0
229	145	1.0
229	178	1.0
229	149	1.0
229	301	1.0
229	329	1.0
230	7	1.0
230	128	1.0
230	329	1.0
231	343	1.0
231	325	1.0
231	39	1.0
231	98	1.0
231	146	1.0
231	349	1.0
232	39	1.0
232	283	1.0
232	331	1.0
233	305	1.0
233	104	1.0
233	343	1.0
233	307	1.0
233	39	1.0
233	111	1.0
233	403	1.0
233	282	1.0
233	347	1.0
233	136	1.0
233	50	1.0
233	49	1.0
233	192	1.0
233	213	1.0
233	127	1.0
233	367	1.0
233	246	1.0
233	149	1.0
233	304	1.0
234	306	1.0
234	69	1.0
234	308	1.0
234	71	1.0
234	238	1.0
234	40	1.0
234	372	1.0
234	313	1.0
234	78	1.0
234	80	1.0
234	380	1.0
234	226	1.0
234	46	1.0
234	195	1.0
234	257	1.0
234	354	1.0
234	264	1.0
234	23	1.0
234	213	1.0
234	29	1.0
234	62	1.0
235	1	1.0
235	104	1.0
235	338	1.0
235	143	1.0
235	229	1.0
235	288	1.0
235	46	1.0
235	357	1.0
235	23	1.0
235	215	1.0
235	265	1.0
235	210	1.0
235	329	1.0
235	303	1.0
236	343	1.0
236	104	1.0
236	279	1.0
236	98	1.0
236	403	1.0
236	199	1.0
236	85	1.0
236	325	1.0
236	50	1.0
236	192	1.0
236	158	1.0
236	84	1.0
236	322	1.0
236	145	1.0
236	127	1.0
236	57	1.0
236	301	1.0
236	331	1.0
236	392	1.0
236	149	1.0
236	152	1.0
236	31	1.0
237	19	1.0
237	65	1.0
237	280	1.0
237	400	1.0
237	112	1.0
237	272	1.0
237	121	1.0
238	275	1.0
238	343	1.0
238	338	1.0
238	404	1.0
238	129	1.0
238	78	1.0
238	281	1.0
238	80	1.0
238	199	1.0
238	349	1.0
238	348	1.0
238	195	1.0
238	257	1.0
238	321	1.0
238	23	1.0
238	266	1.0
238	149	1.0
238	92	1.0
238	151	1.0
238	373	1.0
238	104	1.0
238	234	1.0
238	314	1.0
238	313	1.0
238	168	1.0
238	380	1.0
238	226	1.0
238	46	1.0
238	50	1.0
238	293	1.0
238	354	1.0
238	366	1.0
238	127	1.0
238	244	1.0
238	122	1.0
238	242	1.0
239	257	1.0
239	367	1.0
239	80	1.0
239	349	1.0
239	226	1.0
239	329	1.0
240	172	1.0
240	69	1.0
240	313	1.0
240	78	1.0
240	226	1.0
240	327	1.0
240	257	1.0
240	251	1.0
240	354	1.0
240	23	1.0
240	213	1.0
240	366	1.0
240	329	1.0
241	368	1.0
241	345	1.0
242	238	1.0
242	39	1.0
242	370	1.0
242	99	1.0
242	338	1.0
242	402	1.0
242	226	1.0
242	225	1.0
242	16	1.0
242	223	1.0
242	49	1.0
242	321	1.0
242	114	1.0
242	190	1.0
242	322	1.0
242	213	1.0
242	127	1.0
242	367	1.0
242	246	1.0
242	178	1.0
242	149	1.0
243	205	1.0
243	140	1.0
243	101	1.0
243	372	1.0
243	338	1.0
243	382	1.0
243	9	1.0
243	384	1.0
243	199	1.0
243	80	1.0
243	383	1.0
243	346	1.0
243	195	1.0
243	345	1.0
243	327	1.0
243	393	1.0
243	113	1.0
243	213	1.0
243	333	1.0
243	362	1.0
243	92	1.0
243	211	1.0
243	121	1.0
244	238	1.0
244	56	1.0
244	322	1.0
244	194	1.0
244	32	1.0
244	182	1.0
245	325	1.0
245	49	1.0
245	39	1.0
245	158	1.0
245	246	1.0
246	137	1.0
246	279	1.0
246	277	1.0
246	403	1.0
246	401	1.0
246	402	1.0
246	131	1.0
246	13	1.0
246	16	1.0
246	259	1.0
246	154	1.0
246	257	1.0
246	157	1.0
246	22	1.0
246	398	1.0
246	26	1.0
246	388	1.0
246	145	1.0
246	146	1.0
246	27	1.0
246	271	1.0
246	149	1.0
246	31	1.0
246	152	1.0
246	170	1.0
246	307	1.0
246	34	1.0
246	39	1.0
246	175	1.0
246	313	1.0
246	41	1.0
246	49	1.0
246	186	1.0
246	56	1.0
246	191	1.0
246	295	1.0
246	58	1.0
246	301	1.0
246	63	1.0
246	343	1.0
246	72	1.0
246	200	1.0
246	348	1.0
246	347	1.0
246	195	1.0
246	85	1.0
246	88	1.0
246	326	1.0
246	81	1.0
246	322	1.0
246	336	1.0
246	332	1.0
246	104	1.0
246	373	1.0
246	370	1.0
246	233	1.0
246	98	1.0
246	107	1.0
246	358	1.0
246	119	1.0
246	359	1.0
246	355	1.0
246	114	1.0
246	245	1.0
246	242	1.0
247	69	1.0
247	98	1.0
247	131	1.0
248	104	1.0
248	305	1.0
248	343	1.0
248	39	1.0
248	199	1.0
248	383	1.0
248	136	1.0
248	226	1.0
248	50	1.0
248	49	1.0
248	189	1.0
248	60	1.0
248	145	1.0
248	93	1.0
248	149	1.0
248	363	1.0
249	1	1.0
249	207	1.0
249	339	1.0
249	338	1.0
249	112	1.0
249	110	1.0
249	80	1.0
249	317	1.0
249	226	1.0
249	379	1.0
249	195	1.0
249	345	1.0
249	285	1.0
249	327	1.0
249	18	1.0
249	118	1.0
249	19	1.0
249	251	1.0
249	354	1.0
249	115	1.0
249	24	1.0
249	362	1.0
250	327	1.0
250	217	1.0
250	264	1.0
250	354	1.0
250	333	1.0
250	226	1.0
250	121	1.0
251	240	1.0
251	275	1.0
251	65	1.0
251	77	1.0
251	313	1.0
251	351	1.0
251	80	1.0
251	327	1.0
251	19	1.0
251	400	1.0
251	354	1.0
251	252	1.0
251	264	1.0
251	249	1.0
251	219	1.0
251	23	1.0
251	28	1.0
252	20	1.0
252	118	1.0
252	82	1.0
252	251	1.0
252	398	1.0
252	23	1.0
252	80	1.0
252	184	1.0
252	211	1.0
252	195	1.0
253	145	1.0
254	305	1.0
254	50	1.0
254	200	1.0
254	57	1.0
254	347	1.0
254	135	1.0
255	39	1.0
255	338	1.0
255	372	1.0
255	54	1.0
255	199	1.0
255	80	1.0
255	226	1.0
256	325	1.0
256	145	1.0
256	313	1.0
256	283	1.0
256	402	1.0
256	149	1.0
257	276	1.0
257	2	1.0
257	275	1.0
257	9	1.0
257	18	1.0
257	396	1.0
257	156	1.0
257	21	1.0
257	23	1.0
257	265	1.0
257	28	1.0
257	149	1.0
257	270	1.0
257	389	1.0
257	152	1.0
257	306	1.0
257	172	1.0
257	314	1.0
257	313	1.0
257	168	1.0
257	167	1.0
257	320	1.0
257	50	1.0
257	186	1.0
257	293	1.0
257	54	1.0
257	297	1.0
257	302	1.0
257	62	1.0
257	69	1.0
257	339	1.0
257	338	1.0
257	77	1.0
257	80	1.0
257	346	1.0
257	195	1.0
257	322	1.0
257	213	1.0
257	210	1.0
257	329	1.0
257	92	1.0
257	240	1.0
257	239	1.0
257	238	1.0
257	234	1.0
257	110	1.0
257	227	1.0
257	226	1.0
257	380	1.0
257	118	1.0
257	360	1.0
257	354	1.0
257	115	1.0
257	366	1.0
257	125	1.0
257	246	1.0
257	124	1.0
257	122	1.0
257	121	1.0
258	188	1.0
258	290	1.0
258	189	1.0
258	271	1.0
259	343	1.0
259	49	1.0
259	189	1.0
259	246	1.0
259	149	1.0
259	332	1.0
260	205	1.0
261	338	1.0
262	306	1.0
262	80	1.0
262	226	1.0
262	46	1.0
262	50	1.0
262	321	1.0
262	23	1.0
262	60	1.0
262	213	1.0
262	28	1.0
262	390	1.0
262	122	1.0
262	121	1.0
263	357	1.0
263	344	1.0
263	52	1.0
263	86	1.0
263	136	1.0
264	338	1.0
264	404	1.0
264	281	1.0
264	80	1.0
264	136	1.0
264	195	1.0
264	345	1.0
264	18	1.0
264	327	1.0
264	224	1.0
264	156	1.0
264	82	1.0
264	400	1.0
264	83	1.0
264	23	1.0
264	213	1.0
264	333	1.0
264	329	1.0
264	151	1.0
264	152	1.0
264	306	1.0
264	234	1.0
264	312	1.0
264	372	1.0
264	109	1.0
264	161	1.0
264	229	1.0
264	42	1.0
264	226	1.0
264	186	1.0
264	293	1.0
264	251	1.0
264	250	1.0
264	128	1.0
264	297	1.0
264	366	1.0
264	367	1.0
264	362	1.0
264	62	1.0
264	122	1.0
264	364	1.0
265	344	1.0
265	357	1.0
265	1	1.0
265	257	1.0
265	19	1.0
265	235	1.0
265	338	1.0
265	297	1.0
265	112	1.0
265	215	1.0
265	92	1.0
266	344	1.0
266	205	1.0
266	338	1.0
266	404	1.0
266	10	1.0
266	78	1.0
266	80	1.0
266	281	1.0
266	287	1.0
266	136	1.0
266	195	1.0
266	85	1.0
266	224	1.0
266	23	1.0
266	213	1.0
266	333	1.0
266	210	1.0
266	172	1.0
266	306	1.0
266	373	1.0
266	238	1.0
266	372	1.0
266	98	1.0
266	226	1.0
266	380	1.0
266	46	1.0
266	50	1.0
266	293	1.0
266	124	1.0
266	122	1.0
266	121	1.0
267	39	1.0
267	322	1.0
267	64	1.0
268	226	1.0
268	389	1.0
269	392	1.0
270	172	1.0
270	65	1.0
270	141	1.0
270	8	1.0
270	112	1.0
270	163	1.0
270	346	1.0
270	118	1.0
270	257	1.0
270	19	1.0
270	354	1.0
270	23	1.0
270	121	1.0
271	85	1.0
271	343	1.0
271	307	1.0
271	139	1.0
271	258	1.0
271	39	1.0
271	279	1.0
271	114	1.0
271	384	1.0
271	246	1.0
271	149	1.0
271	45	1.0
272	49	1.0
272	237	1.0
272	338	1.0
272	213	1.0
272	106	1.0
273	172	1.0
273	344	1.0
273	275	1.0
273	339	1.0
273	195	1.0
273	357	1.0
273	120	1.0
273	223	1.0
273	49	1.0
273	116	1.0
273	126	1.0
273	215	1.0
273	211	1.0
273	329	1.0
274	152	1.0
275	273	1.0
275	339	1.0
275	77	1.0
275	10	1.0
275	351	1.0
275	80	1.0
275	18	1.0
275	327	1.0
275	257	1.0
275	23	1.0
275	92	1.0
275	329	1.0
275	172	1.0
275	238	1.0
275	312	1.0
275	313	1.0
275	110	1.0
275	118	1.0
275	186	1.0
275	251	1.0
275	354	1.0
275	60	1.0
275	366	1.0
275	302	1.0
275	184	1.0
275	121	1.0
276	172	1.0
276	257	1.0
276	50	1.0
276	92	1.0
276	195	1.0
277	49	1.0
277	189	1.0
277	246	1.0
277	330	1.0
278	354	1.0
278	338	1.0
278	213	1.0
278	146	1.0
278	78	1.0
278	386	1.0
278	80	1.0
278	74	1.0
278	362	1.0
278	226	1.0
279	343	1.0
279	5	1.0
279	401	1.0
279	73	1.0
279	347	1.0
279	85	1.0
279	325	1.0
279	326	1.0
279	81	1.0
279	145	1.0
279	149	1.0
279	271	1.0
279	152	1.0
279	104	1.0
279	305	1.0
279	236	1.0
279	98	1.0
279	377	1.0
279	49	1.0
279	293	1.0
279	189	1.0
279	296	1.0
279	53	1.0
279	127	1.0
279	246	1.0
279	57	1.0
280	237	1.0
280	65	1.0
280	112	1.0
281	69	1.0
281	343	1.0
281	205	1.0
281	373	1.0
281	101	1.0
281	238	1.0
281	176	1.0
281	201	1.0
281	98	1.0
281	78	1.0
281	168	1.0
281	225	1.0
281	195	1.0
281	399	1.0
281	264	1.0
281	23	1.0
281	213	1.0
281	266	1.0
281	92	1.0
281	364	1.0
282	70	1.0
282	325	1.0
282	50	1.0
282	322	1.0
282	233	1.0
282	127	1.0
282	93	1.0
282	57	1.0
282	149	1.0
282	136	1.0
283	206	1.0
283	119	1.0
283	188	1.0
283	256	1.0
283	158	1.0
283	232	1.0
283	146	1.0
283	402	1.0
283	331	1.0
283	329	1.0
283	92	1.0
283	152	1.0
284	104	1.0
284	223	1.0
285	69	1.0
285	116	1.0
285	249	1.0
285	23	1.0
285	14	1.0
285	121	1.0
286	372	1.0
286	213	1.0
286	226	1.0
287	80	1.0
287	266	1.0
287	346	1.0
288	235	1.0
289	195	1.0
290	258	1.0
290	39	1.0
290	158	1.0
290	173	1.0
290	322	1.0
290	60	1.0
290	10	1.0
290	62	1.0
291	195	1.0
292	404	1.0
292	106	1.0
293	205	1.0
293	279	1.0
293	338	1.0
293	78	1.0
293	80	1.0
293	193	1.0
293	74	1.0
293	345	1.0
293	195	1.0
293	18	1.0
293	257	1.0
293	264	1.0
293	213	1.0
293	96	1.0
293	266	1.0
293	209	1.0
293	392	1.0
293	151	1.0
293	389	1.0
293	238	1.0
293	312	1.0
293	382	1.0
293	313	1.0
293	316	1.0
293	384	1.0
293	161	1.0
293	229	1.0
293	168	1.0
293	318	1.0
293	380	1.0
293	226	1.0
293	225	1.0
293	116	1.0
293	354	1.0
293	114	1.0
293	127	1.0
293	366	1.0
293	124	1.0
293	302	1.0
293	362	1.0
293	122	1.0
294	104	1.0
294	118	1.0
294	338	1.0
294	213	1.0
294	10	1.0
294	215	1.0
294	162	1.0
294	80	1.0
294	194	1.0
294	149	1.0
294	136	1.0
294	121	1.0
295	85	1.0
295	343	1.0
295	189	1.0
295	98	1.0
295	401	1.0
295	246	1.0
295	301	1.0
295	134	1.0
296	104	1.0
296	99	1.0
296	279	1.0
296	338	1.0
296	98	1.0
296	80	1.0
296	199	1.0
296	16	1.0
296	327	1.0
296	49	1.0
296	218	1.0
296	189	1.0
296	213	1.0
296	387	1.0
296	149	1.0
297	257	1.0
297	264	1.0
297	37	1.0
297	23	1.0
297	265	1.0
297	80	1.0
297	302	1.0
297	226	1.0
297	389	1.0
298	343	1.0
298	50	1.0
298	194	1.0
299	104	1.0
299	39	1.0
299	98	1.0
299	145	1.0
299	402	1.0
300	223	1.0
300	213	1.0
300	351	1.0
300	80	1.0
300	136	1.0
301	343	1.0
301	137	1.0
301	4	1.0
301	39	1.0
301	236	1.0
301	175	1.0
301	401	1.0
301	199	1.0
301	349	1.0
301	229	1.0
301	318	1.0
301	135	1.0
301	85	1.0
301	325	1.0
301	49	1.0
301	295	1.0
301	321	1.0
301	145	1.0
301	246	1.0
301	178	1.0
301	149	1.0
302	275	1.0
302	338	1.0
302	80	1.0
302	226	1.0
302	345	1.0
302	195	1.0
302	118	1.0
302	257	1.0
302	293	1.0
302	23	1.0
302	297	1.0
302	213	1.0
302	122	1.0
302	121	1.0
303	343	1.0
303	33	1.0
303	139	1.0
303	235	1.0
303	12	1.0
303	347	1.0
304	233	1.0
305	103	1.0
305	343	1.0
305	104	1.0
305	70	1.0
305	5	1.0
305	39	1.0
305	279	1.0
305	233	1.0
305	402	1.0
305	347	1.0
305	254	1.0
305	81	1.0
305	322	1.0
305	145	1.0
305	387	1.0
305	248	1.0
305	57	1.0
305	149	1.0
306	205	1.0
306	142	1.0
306	202	1.0
306	338	1.0
306	9	1.0
306	404	1.0
306	78	1.0
306	80	1.0
306	195	1.0
306	327	1.0
306	257	1.0
306	224	1.0
306	156	1.0
306	323	1.0
306	264	1.0
306	262	1.0
306	96	1.0
306	216	1.0
306	266	1.0
306	29	1.0
306	172	1.0
306	308	1.0
306	234	1.0
306	372	1.0
306	382	1.0
306	313	1.0
306	384	1.0
306	161	1.0
306	226	1.0
306	225	1.0
306	50	1.0
306	118	1.0
306	49	1.0
306	179	1.0
306	184	1.0
306	362	1.0
307	343	1.0
307	205	1.0
307	71	1.0
307	198	1.0
307	352	1.0
307	403	1.0
307	401	1.0
307	194	1.0
307	85	1.0
307	325	1.0
307	322	1.0
307	145	1.0
307	147	1.0
307	149	1.0
307	271	1.0
307	170	1.0
307	39	1.0
307	233	1.0
307	38	1.0
307	98	1.0
307	111	1.0
307	49	1.0
307	192	1.0
307	246	1.0
307	182	1.0
308	327	1.0
308	306	1.0
308	354	1.0
308	234	1.0
308	125	1.0
308	195	1.0
309	342	1.0
310	400	1.0
311	85	1.0
311	50	1.0
311	49	1.0
312	275	1.0
312	339	1.0
312	372	1.0
312	338	1.0
312	129	1.0
312	80	1.0
312	168	1.0
312	226	1.0
312	345	1.0
312	327	1.0
312	118	1.0
312	293	1.0
312	264	1.0
312	213	1.0
312	362	1.0
312	151	1.0
312	121	1.0
313	69	1.0
313	275	1.0
313	343	1.0
313	338	1.0
313	9	1.0
313	78	1.0
313	12	1.0
313	13	1.0
313	136	1.0
313	345	1.0
313	195	1.0
313	223	1.0
313	257	1.0
313	325	1.0
313	23	1.0
313	322	1.0
313	392	1.0
313	149	1.0
313	329	1.0
313	92	1.0
313	31	1.0
313	152	1.0
313	306	1.0
313	240	1.0
313	172	1.0
313	238	1.0
313	33	1.0
313	234	1.0
313	98	1.0
313	41	1.0
313	110	1.0
313	107	1.0
313	226	1.0
313	225	1.0
313	256	1.0
313	50	1.0
313	49	1.0
313	251	1.0
313	293	1.0
313	354	1.0
313	54	1.0
313	179	1.0
313	60	1.0
313	127	1.0
313	246	1.0
313	121	1.0
314	257	1.0
314	238	1.0
314	360	1.0
314	213	1.0
314	215	1.0
315	69	1.0
315	29	1.0
316	50	1.0
316	293	1.0
316	225	1.0
317	249	1.0
317	213	1.0
317	126	1.0
317	184	1.0
318	50	1.0
318	293	1.0
318	192	1.0
318	145	1.0
318	197	1.0
318	401	1.0
318	301	1.0
319	329	1.0
319	121	1.0
319	379	1.0
320	257	1.0
320	397	1.0
320	124	1.0
321	103	1.0
321	238	1.0
321	403	1.0
321	402	1.0
321	348	1.0
321	262	1.0
321	322	1.0
321	145	1.0
321	301	1.0
321	149	1.0
321	391	1.0
321	363	1.0
321	242	1.0
322	3	1.0
322	4	1.0
322	5	1.0
322	403	1.0
322	282	1.0
322	12	1.0
322	13	1.0
322	257	1.0
322	158	1.0
322	267	1.0
322	145	1.0
322	387	1.0
322	146	1.0
322	149	1.0
322	391	1.0
322	31	1.0
322	305	1.0
322	307	1.0
322	39	1.0
322	38	1.0
322	43	1.0
322	313	1.0
322	290	1.0
322	50	1.0
322	49	1.0
322	189	1.0
322	182	1.0
322	343	1.0
322	341	1.0
322	200	1.0
322	349	1.0
322	347	1.0
322	195	1.0
322	85	1.0
322	325	1.0
322	81	1.0
322	321	1.0
322	332	1.0
322	92	1.0
322	103	1.0
322	104	1.0
322	236	1.0
322	370	1.0
322	100	1.0
322	98	1.0
322	383	1.0
322	107	1.0
322	380	1.0
322	225	1.0
322	355	1.0
322	367	1.0
322	246	1.0
322	244	1.0
322	122	1.0
322	242	1.0
323	306	1.0
324	85	1.0
324	104	1.0
324	97	1.0
324	146	1.0
324	149	1.0
325	4	1.0
325	279	1.0
325	282	1.0
325	401	1.0
325	402	1.0
325	131	1.0
325	13	1.0
325	135	1.0
325	157	1.0
325	158	1.0
325	145	1.0
325	387	1.0
325	146	1.0
325	27	1.0
325	392	1.0
325	149	1.0
325	31	1.0
325	152	1.0
325	307	1.0
325	175	1.0
325	313	1.0
325	45	1.0
325	188	1.0
325	51	1.0
325	50	1.0
325	49	1.0
325	192	1.0
325	189	1.0
325	301	1.0
325	343	1.0
325	194	1.0
325	348	1.0
325	195	1.0
325	221	1.0
325	88	1.0
325	81	1.0
325	322	1.0
325	336	1.0
325	332	1.0
325	376	1.0
325	236	1.0
325	99	1.0
325	100	1.0
325	98	1.0
325	231	1.0
325	225	1.0
325	256	1.0
325	119	1.0
325	353	1.0
325	355	1.0
325	127	1.0
325	367	1.0
325	245	1.0
326	279	1.0
326	246	1.0
327	1	1.0
327	275	1.0
327	140	1.0
327	338	1.0
327	10	1.0
327	80	1.0
327	346	1.0
327	18	1.0
327	156	1.0
327	264	1.0
327	83	1.0
327	23	1.0
327	213	1.0
327	210	1.0
327	306	1.0
327	240	1.0
327	308	1.0
327	312	1.0
327	110	1.0
327	226	1.0
327	116	1.0
327	251	1.0
327	354	1.0
327	249	1.0
327	296	1.0
327	250	1.0
327	243	1.0
327	362	1.0
328	94	1.0
328	112	1.0
328	229	1.0
328	193	1.0
328	329	1.0
329	69	1.0
329	275	1.0
329	140	1.0
329	273	1.0
329	339	1.0
329	338	1.0
329	404	1.0
329	78	1.0
329	283	1.0
329	10	1.0
329	346	1.0
329	195	1.0
329	345	1.0
329	18	1.0
329	328	1.0
329	257	1.0
329	264	1.0
329	331	1.0
329	210	1.0
329	211	1.0
329	92	1.0
329	151	1.0
329	240	1.0
329	172	1.0
329	239	1.0
329	235	1.0
329	313	1.0
329	112	1.0
329	230	1.0
329	229	1.0
329	226	1.0
329	319	1.0
329	116	1.0
329	354	1.0
329	128	1.0
329	126	1.0
329	121	1.0
330	277	1.0
331	169	1.0
331	236	1.0
331	39	1.0
331	97	1.0
331	232	1.0
331	283	1.0
331	45	1.0
331	52	1.0
331	358	1.0
331	81	1.0
331	59	1.0
331	146	1.0
331	329	1.0
332	259	1.0
332	343	1.0
332	325	1.0
332	50	1.0
332	23	1.0
332	322	1.0
332	246	1.0
332	199	1.0
332	383	1.0
332	149	1.0
332	136	1.0
333	343	1.0
333	205	1.0
333	373	1.0
333	71	1.0
333	372	1.0
333	338	1.0
333	78	1.0
333	384	1.0
333	161	1.0
333	195	1.0
333	225	1.0
333	50	1.0
333	115	1.0
333	264	1.0
333	54	1.0
333	23	1.0
333	250	1.0
333	368	1.0
333	266	1.0
333	243	1.0
333	209	1.0
333	362	1.0
333	210	1.0
333	151	1.0
334	170	1.0
334	49	1.0
334	38	1.0
334	401	1.0
334	13	1.0
334	348	1.0
334	149	1.0
335	80	1.0
336	85	1.0
336	325	1.0
336	49	1.0
336	246	1.0
336	152	1.0
337	23	1.0
338	142	1.0
338	278	1.0
338	404	1.0
338	10	1.0
338	129	1.0
338	132	1.0
338	131	1.0
338	136	1.0
338	18	1.0
338	257	1.0
338	400	1.0
338	264	1.0
338	261	1.0
338	145	1.0
338	26	1.0
338	265	1.0
338	266	1.0
338	29	1.0
338	272	1.0
338	151	1.0
338	390	1.0
338	306	1.0
338	172	1.0
338	312	1.0
338	313	1.0
338	168	1.0
338	50	1.0
338	49	1.0
338	186	1.0
338	293	1.0
338	294	1.0
338	54	1.0
338	296	1.0
338	60	1.0
338	179	1.0
338	57	1.0
338	302	1.0
338	62	1.0
338	344	1.0
338	69	1.0
338	205	1.0
338	339	1.0
338	66	1.0
338	78	1.0
338	80	1.0
338	348	1.0
338	74	1.0
338	346	1.0
338	345	1.0
338	195	1.0
338	327	1.0
338	86	1.0
338	223	1.0
338	224	1.0
338	213	1.0
338	215	1.0
338	96	1.0
338	333	1.0
338	209	1.0
338	210	1.0
338	211	1.0
338	92	1.0
338	329	1.0
338	376	1.0
338	238	1.0
338	235	1.0
338	372	1.0
338	98	1.0
338	382	1.0
338	112	1.0
338	110	1.0
338	383	1.0
338	378	1.0
338	227	1.0
338	226	1.0
338	225	1.0
338	255	1.0
338	357	1.0
338	115	1.0
338	249	1.0
338	113	1.0
338	127	1.0
338	367	1.0
338	126	1.0
338	243	1.0
338	124	1.0
338	362	1.0
338	121	1.0
338	242	1.0
339	172	1.0
339	275	1.0
339	273	1.0
339	7	1.0
339	312	1.0
339	372	1.0
339	338	1.0
339	10	1.0
339	112	1.0
339	80	1.0
339	161	1.0
339	346	1.0
339	195	1.0
339	345	1.0
339	257	1.0
339	192	1.0
339	249	1.0
339	60	1.0
339	149	1.0
339	329	1.0
339	92	1.0
339	364	1.0
340	8	1.0
341	104	1.0
341	355	1.0
341	98	1.0
341	322	1.0
341	149	1.0
341	107	1.0
341	165	1.0
342	104	1.0
342	343	1.0
342	39	1.0
342	309	1.0
342	98	1.0
342	213	1.0
342	25	1.0
342	349	1.0
342	80	1.0
342	149	1.0
343	137	1.0
343	4	1.0
343	279	1.0
343	401	1.0
343	402	1.0
343	281	1.0
343	13	1.0
343	259	1.0
343	156	1.0
343	157	1.0
343	23	1.0
343	26	1.0
343	145	1.0
343	146	1.0
343	271	1.0
343	149	1.0
343	391	1.0
343	305	1.0
343	170	1.0
343	307	1.0
343	39	1.0
343	175	1.0
343	173	1.0
343	43	1.0
343	313	1.0
343	41	1.0
343	50	1.0
343	49	1.0
343	192	1.0
343	295	1.0
343	298	1.0
343	58	1.0
343	301	1.0
343	303	1.0
343	181	1.0
343	206	1.0
343	69	1.0
343	342	1.0
343	68	1.0
343	352	1.0
343	198	1.0
343	78	1.0
343	197	1.0
343	349	1.0
343	199	1.0
343	325	1.0
343	88	1.0
343	81	1.0
343	322	1.0
343	333	1.0
343	332	1.0
343	92	1.0
343	238	1.0
343	375	1.0
343	99	1.0
343	236	1.0
343	370	1.0
343	372	1.0
343	98	1.0
343	233	1.0
343	111	1.0
343	231	1.0
343	225	1.0
343	353	1.0
343	355	1.0
343	248	1.0
343	367	1.0
343	246	1.0
343	363	1.0
344	1	1.0
344	273	1.0
344	338	1.0
344	78	1.0
344	80	1.0
344	229	1.0
344	225	1.0
344	46	1.0
344	195	1.0
344	357	1.0
344	263	1.0
344	354	1.0
344	399	1.0
344	146	1.0
344	265	1.0
344	266	1.0
344	121	1.0
345	141	1.0
345	339	1.0
345	372	1.0
345	312	1.0
345	338	1.0
345	313	1.0
345	44	1.0
345	195	1.0
345	225	1.0
345	52	1.0
345	293	1.0
345	354	1.0
345	264	1.0
345	249	1.0
345	60	1.0
345	243	1.0
345	184	1.0
345	302	1.0
345	241	1.0
345	92	1.0
345	329	1.0
346	140	1.0
346	66	1.0
346	339	1.0
346	338	1.0
346	404	1.0
346	78	1.0
346	80	1.0
346	287	1.0
346	14	1.0
346	133	1.0
346	195	1.0
346	327	1.0
346	257	1.0
346	23	1.0
346	94	1.0
346	213	1.0
346	329	1.0
346	270	1.0
346	172	1.0
346	40	1.0
346	168	1.0
346	226	1.0
346	118	1.0
346	354	1.0
346	54	1.0
346	243	1.0
346	362	1.0
346	184	1.0
346	121	1.0
347	104	1.0
347	305	1.0
347	279	1.0
347	98	1.0
347	38	1.0
347	233	1.0
347	50	1.0
347	254	1.0
347	23	1.0
347	322	1.0
347	146	1.0
347	246	1.0
347	149	1.0
347	303	1.0
347	152	1.0
348	325	1.0
348	238	1.0
348	34	1.0
348	338	1.0
348	321	1.0
348	23	1.0
348	213	1.0
348	26	1.0
348	334	1.0
348	246	1.0
348	13	1.0
348	149	1.0
349	206	1.0
349	343	1.0
349	239	1.0
349	238	1.0
349	342	1.0
349	39	1.0
349	98	1.0
349	78	1.0
349	231	1.0
349	402	1.0
349	168	1.0
349	194	1.0
349	136	1.0
349	50	1.0
349	49	1.0
349	322	1.0
349	127	1.0
349	149	1.0
349	301	1.0
349	32	1.0
349	182	1.0
350	102	1.0
351	1	1.0
351	275	1.0
351	19	1.0
351	251	1.0
351	354	1.0
351	300	1.0
351	74	1.0
351	89	1.0
352	343	1.0
352	49	1.0
352	307	1.0
352	39	1.0
353	343	1.0
353	325	1.0
353	127	1.0
354	1	1.0
354	275	1.0
354	141	1.0
354	278	1.0
354	10	1.0
354	18	1.0
354	257	1.0
354	19	1.0
354	400	1.0
354	399	1.0
354	23	1.0
354	26	1.0
354	270	1.0
354	172	1.0
354	308	1.0
354	40	1.0
354	313	1.0
354	44	1.0
354	161	1.0
354	168	1.0
354	293	1.0
354	177	1.0
354	183	1.0
354	184	1.0
354	344	1.0
354	65	1.0
354	78	1.0
354	351	1.0
354	80	1.0
354	74	1.0
354	346	1.0
354	195	1.0
354	345	1.0
354	327	1.0
354	219	1.0
354	329	1.0
354	240	1.0
354	238	1.0
354	372	1.0
354	234	1.0
354	110	1.0
354	226	1.0
354	120	1.0
354	251	1.0
354	249	1.0
354	356	1.0
354	250	1.0
354	366	1.0
354	126	1.0
354	124	1.0
355	206	1.0
355	343	1.0
355	341	1.0
355	100	1.0
355	98	1.0
355	173	1.0
355	38	1.0
355	401	1.0
355	13	1.0
355	325	1.0
355	88	1.0
355	50	1.0
355	322	1.0
355	246	1.0
355	149	1.0
355	152	1.0
356	354	1.0
357	344	1.0
357	273	1.0
357	235	1.0
357	338	1.0
357	229	1.0
357	80	1.0
357	46	1.0
357	195	1.0
357	19	1.0
357	263	1.0
357	23	1.0
357	215	1.0
357	265	1.0
358	104	1.0
358	246	1.0
358	392	1.0
358	331	1.0
359	246	1.0
359	152	1.0
360	257	1.0
360	23	1.0
360	314	1.0
360	80	1.0
360	226	1.0
360	195	1.0
361	213	1.0
362	69	1.0
362	338	1.0
362	278	1.0
362	403	1.0
362	404	1.0
362	78	1.0
362	80	1.0
362	346	1.0
362	195	1.0
362	327	1.0
362	393	1.0
362	264	1.0
362	23	1.0
362	83	1.0
362	333	1.0
362	28	1.0
362	216	1.0
362	29	1.0
362	306	1.0
362	312	1.0
362	110	1.0
362	226	1.0
362	118	1.0
362	49	1.0
362	293	1.0
362	249	1.0
362	60	1.0
362	126	1.0
362	243	1.0
362	184	1.0
362	121	1.0
362	182	1.0
363	343	1.0
363	4	1.0
363	321	1.0
363	248	1.0
363	149	1.0
364	264	1.0
364	339	1.0
364	80	1.0
364	281	1.0
364	46	1.0
365	226	1.0
366	240	1.0
366	275	1.0
366	238	1.0
366	80	1.0
366	226	1.0
366	18	1.0
366	118	1.0
366	257	1.0
366	293	1.0
366	354	1.0
366	264	1.0
366	23	1.0
366	213	1.0
366	184	1.0
367	239	1.0
367	343	1.0
367	338	1.0
367	233	1.0
367	80	1.0
367	73	1.0
367	325	1.0
367	50	1.0
367	192	1.0
367	264	1.0
367	322	1.0
367	23	1.0
367	213	1.0
367	242	1.0
368	71	1.0
368	78	1.0
368	333	1.0
368	241	1.0
369	49	1.0
370	343	1.0
370	70	1.0
370	3	1.0
370	50	1.0
370	322	1.0
370	60	1.0
370	127	1.0
370	246	1.0
370	242	1.0
371	80	1.0
371	225	1.0
372	138	1.0
372	343	1.0
372	339	1.0
372	338	1.0
372	8	1.0
372	9	1.0
372	404	1.0
372	129	1.0
372	10	1.0
372	80	1.0
372	286	1.0
372	195	1.0
372	345	1.0
372	18	1.0
372	86	1.0
372	155	1.0
372	224	1.0
372	264	1.0
372	23	1.0
372	213	1.0
372	333	1.0
372	216	1.0
372	266	1.0
372	149	1.0
372	389	1.0
372	306	1.0
372	172	1.0
372	373	1.0
372	312	1.0
372	234	1.0
372	173	1.0
372	161	1.0
372	377	1.0
372	226	1.0
372	46	1.0
372	225	1.0
372	255	1.0
372	50	1.0
372	49	1.0
372	354	1.0
372	113	1.0
372	243	1.0
372	122	1.0
372	121	1.0
373	205	1.0
373	238	1.0
373	4	1.0
373	142	1.0
373	372	1.0
373	44	1.0
373	78	1.0
373	80	1.0
373	281	1.0
373	333	1.0
373	246	1.0
373	266	1.0
373	149	1.0
374	213	1.0
375	343	1.0
376	104	1.0
376	325	1.0
376	71	1.0
376	50	1.0
376	338	1.0
376	213	1.0
376	195	1.0
377	400	1.0
377	279	1.0
377	372	1.0
377	53	1.0
378	338	1.0
378	10	1.0
378	80	1.0
378	211	1.0
379	249	1.0
379	60	1.0
379	126	1.0
379	319	1.0
379	195	1.0
380	205	1.0
380	238	1.0
380	234	1.0
380	382	1.0
380	78	1.0
380	384	1.0
380	161	1.0
380	195	1.0
380	257	1.0
380	293	1.0
380	322	1.0
380	266	1.0
380	124	1.0
380	210	1.0
380	122	1.0
381	98	1.0
382	306	1.0
382	205	1.0
382	293	1.0
382	338	1.0
382	213	1.0
382	10	1.0
382	243	1.0
382	168	1.0
382	151	1.0
382	380	1.0
383	104	1.0
383	100	1.0
383	338	1.0
383	7	1.0
383	98	1.0
383	38	1.0
383	199	1.0
383	136	1.0
383	226	1.0
383	50	1.0
383	49	1.0
383	192	1.0
383	218	1.0
383	322	1.0
383	60	1.0
383	248	1.0
383	149	1.0
383	243	1.0
383	332	1.0
383	210	1.0
383	391	1.0
384	306	1.0
384	205	1.0
384	44	1.0
384	80	1.0
384	380	1.0
384	225	1.0
384	46	1.0
384	49	1.0
384	293	1.0
384	23	1.0
384	213	1.0
384	333	1.0
384	243	1.0
384	209	1.0
384	271	1.0
384	149	1.0
384	122	1.0
385	60	1.0
386	158	1.0
386	278	1.0
387	104	1.0
387	305	1.0
387	98	1.0
387	41	1.0
387	199	1.0
387	16	1.0
387	85	1.0
387	50	1.0
387	325	1.0
387	296	1.0
387	160	1.0
387	322	1.0
387	149	1.0
387	152	1.0
388	223	1.0
388	71	1.0
388	49	1.0
388	146	1.0
388	246	1.0
389	257	1.0
389	293	1.0
389	372	1.0
389	98	1.0
389	23	1.0
389	53	1.0
389	297	1.0
389	404	1.0
389	268	1.0
390	338	1.0
390	262	1.0
391	343	1.0
391	49	1.0
391	39	1.0
391	192	1.0
391	321	1.0
391	322	1.0
391	402	1.0
391	383	1.0
391	149	1.0
392	205	1.0
392	104	1.0
392	99	1.0
392	236	1.0
392	313	1.0
392	136	1.0
392	154	1.0
392	358	1.0
392	325	1.0
392	49	1.0
392	293	1.0
392	213	1.0
392	145	1.0
392	269	1.0
393	213	1.0
393	10	1.0
393	28	1.0
393	243	1.0
393	362	1.0
393	226	1.0
394	396	1.0
394	71	1.0
394	124	1.0
395	140	1.0
395	19	1.0
395	54	1.0
395	10	1.0
395	80	1.0
395	225	1.0
396	257	1.0
396	394	1.0
397	19	1.0
397	320	1.0
398	252	1.0
398	189	1.0
398	213	1.0
398	246	1.0
398	226	1.0
399	344	1.0
399	140	1.0
399	354	1.0
399	23	1.0
399	281	1.0
399	80	1.0
399	121	1.0
400	237	1.0
400	310	1.0
400	65	1.0
400	338	1.0
400	80	1.0
400	377	1.0
400	226	1.0
400	19	1.0
400	251	1.0
400	116	1.0
400	264	1.0
400	354	1.0
400	184	1.0
401	206	1.0
401	343	1.0
401	71	1.0
401	4	1.0
401	279	1.0
401	12	1.0
401	199	1.0
401	13	1.0
401	222	1.0
401	223	1.0
401	325	1.0
401	81	1.0
401	145	1.0
401	26	1.0
401	146	1.0
401	334	1.0
401	149	1.0
401	31	1.0
401	104	1.0
401	307	1.0
401	102	1.0
401	39	1.0
401	99	1.0
401	98	1.0
401	41	1.0
401	229	1.0
401	318	1.0
401	105	1.0
401	225	1.0
401	50	1.0
401	49	1.0
401	355	1.0
401	295	1.0
401	246	1.0
401	301	1.0
402	305	1.0
402	343	1.0
402	104	1.0
402	98	1.0
402	283	1.0
402	349	1.0
402	229	1.0
402	80	1.0
402	13	1.0
402	256	1.0
402	325	1.0
402	223	1.0
402	50	1.0
402	49	1.0
402	321	1.0
402	145	1.0
402	299	1.0
402	246	1.0
402	149	1.0
402	391	1.0
402	242	1.0
402	152	1.0
403	104	1.0
403	307	1.0
403	236	1.0
403	39	1.0
403	98	1.0
403	233	1.0
403	111	1.0
403	195	1.0
403	49	1.0
403	192	1.0
403	55	1.0
403	84	1.0
403	321	1.0
403	322	1.0
403	145	1.0
403	246	1.0
403	362	1.0
404	306	1.0
404	238	1.0
404	372	1.0
404	338	1.0
404	80	1.0
404	161	1.0
404	346	1.0
404	225	1.0
404	195	1.0
404	50	1.0
404	292	1.0
404	264	1.0
404	83	1.0
404	213	1.0
404	146	1.0
404	266	1.0
404	362	1.0
404	329	1.0
404	389	1.0
